1000169101
1000169102
1000169103
1000169104
1000169105
1000169106
1000169107
1000169108
1000169109
1000169110
1000169111
1000169112
1000169113
1000169114
1000169115
1000169116
1000169117
1000169118
1000169119
1000169120
1000169121
1000169122
1000169123
1000169124
1000169125
1000169126
1000169127
1000169128
1000169129
1000169130
1000169131
1000169132
1000169133
1000169134
1000169135
1000169136
1000169137
1000169138
1000169139
1000169140
1000169141
1000169142
1000169143
1000169144
1000169145
1000169146
1000169147
1000169148
1000169149
1000169150
1000169151
1000169152
1000169153
1000169154
1000169155
1000169156
1000169157
1000169158
1000169159
1000169160
1000169161
1000169162
1000169163
1000169164
1000169165
1000169166
1000169167
1000169168
1000169169
1000169170
1000169171
1000169172
1000169173
1000169174
1000169175
1000169176
1000169177
1000169178
1000169179
1000169180
1000169181
1000169182
1000169183
1000169184
1000169185
1000169186
1000169187
1000169188
1000169189
1000169190
1000169191
1000169192
1000169193
1000169194
1000169195
1000169196
1000169197
1000169198
1000169199
1000169200
1000169201
1000169202
1000169203
1000169204
1000169205
1000169206
1000169207
1000169208
1000169209
1000169210
1000169211
1000169212
1000169213
1000169214
1000169215
1000169216
1000169217
1000169218
1000169219
1000169220
1000169221
1000169222
1000169223
1000169224
1000169225
1000169226
1000169227
1000169228
1000169229
1000169230
1000169231
1000169232
1000169233
1000169234
1000169235
1000169236
1000169237
1000169238
1000169239
1000169240
1000169241
1000169242
1000169243
1000169244
1000169245
1000169246
1000169247
1000169248
1000169249
1000169250
1000169251
1000169252
1000169253
1000169254
1000169255
1000169256
1000169257
1000169258
1000169259
1000169260
1000169261
1000169262
1000169263
1000169264
1000169265
1000169266
1000169267
1000169268
1000169269
1000169270
1000169271
1000169272
1000169273
1000169274
1000169275
1000169276
1000169277
1000169278
1000169279
1000169280
1000169281
1000169282
1000169283
1000169284
1000169285
1000169286
1000169287
1000169288
1000169289
1000169290
1000169291
1000169292
1000169293
1000169294
1000169295
1000169296
1000169297
1000169298
1000169299
1000169300
1000169301
1000169302
1000169303
1000169304
1000169305
1000169306
1000169307
1000169308
1000169309
1000169310
1000169311
1000169312
1000169313
1000169314
1000169315
1000169316
1000169317
1000169318
1000169319
1000169320
1000169321
1000169322
1000169323
1000169324
1000169325
1000169326
1000169327
1000169328
1000169329
1000169330
1000169331
1000169332
1000169333
1000169334
1000169335
1000169336
1000169337
1000169338
1000169339
1000169340
1000169341
1000169342
1000169343
1000169344
1000169345
1000169346
1000169347
1000169348
1000169349
1000169350
1000169351
1000169352
1000169353
1000169354
1000169355
1000169356
1000169357
1000169358
1000169359
1000169360
1000169361
1000169362
1000169363
1000169364
1000169365
1000169366
1000169367
1000169368
1000169369
1000169370
1000169371
1000169372
1000169373
1000169374
1000169375
1000169376
1000169377
1000169378
1000169379
1000169380
1000169381
1000169382
1000169383
1000169384
1000169385
1000169386
1000169387
1000169388
1000169389
1000169390
1000169391
1000169392
1000169393
1000169394
1000169395
1000169396
1000169397
1000169398
1000169399
1000169400
1000169401
1000169402
1000169403
1000169404
1000169405
1000169406
1000169407
1000169408
1000169409
1000169410
1000169411
1000169412
1000169413
1000169414
1000169415
1000169416
1000169417
1000169418
1000169419
1000169420
1000169421
1000169422
1000169423
1000169424
1000169425
1000169426
1000169427
1000169428
1000169429
1000169430
1000169431
1000169432
1000169433
1000169434
1000169435
1000169436
1000169437
1000169438
1000169439
1000169440
1000169441
1000169442
1000169443
1000169444
1000169445
1000169446
1000169447
1000169448
1000169449
1000169450
1000169451
1000169452
1000169453
1000169454
1000169455
1000169456
1000169457
1000169458
1000169459
1000169460
1000169461
1000169462
1000169463
1000169464
1000169465
1000169466
1000169467
1000169468
1000169469
1000169470
1000169471
1000169472
1000169473
1000169474
1000169475
1000169476
1000169477
1000169478
1000169479
1000169480
1000169481
1000169482
1000169483
1000169484
1000169485
1000169486
1000169487
1000169488
1000169489
1000169490
1000169491
1000169492
1000169493
1000169494
1000169495
1000169496
1000169497
1000169498
1000169499
1000169500
1000169501
1000169502
1000169503
1000169504
1000169505
1000169506
1000169507
1000169508
1000169509
1000169510
1000169511
1000169512
1000169513
1000169514
1000169515
1000169516
1000169517
1000169518
1000169519
1000169520
1000169521
1000169522
1000169523
1000169524
1000169525
1000169526
1000169527
1000169528
1000169529
1000169530
1000169531
1000169532
1000169533
1000169534
1000169535
1000169536
1000169537
1000169538
1000169539
1000169540
1000169541
1000169542
1000169543
1000169544
1000169545
1000169546
1000169547
1000169548
1000169549
1000169550
1000169551
1000169552
1000169553
1000169554
1000169555
1000169556
1000169557
1000169558
1000169559
1000169560
1000169561
1000169562
1000169563
1000169564
1000169565
1000169566
1000169567
1000169568
1000169569
1000169570
1000169571
1000169572
1000169573
1000169574
1000169575
1000169576
1000169577
1000169578
1000169579
1000169580
1000169581
1000169582
1000169583
1000169584
1000169585
1000169586
1000169587
1000169588
1000169589
1000169590
1000169591
1000169592
1000169593
1000169594
1000169595
1000169596
1000169597
1000169598
1000169599
1000169600
1000169601
1000169602
1000169603
1000169604
1000169605
1000169606
1000169607
1000169608
1000169609
1000169610
1000169611
1000169612
1000169613
1000169614
1000169615
1000169616
1000169617
1000169618
1000169619
1000169620
1000169621
1000169622
1000169623
1000169624
1000169625
1000169626
1000169627
1000169628
1000169629
1000169630
1000169631
1000169632
1000169633
1000169634
1000169635
1000169636
1000169637
1000169638
1000169639
1000169640
1000169641
1000169642
1000169643
1000169644
1000169645
1000169646
1000169647
1000169648
1000169649
1000169650
1000169651
1000169652
1000169653
1000169654
1000169655
1000169656
1000169657
1000169658
1000169659
1000169660
1000169661
1000169662
1000169663
1000169664
1000169665
1000169666
1000169667
1000169668
1000169669
1000169670
1000169671
1000169672
1000169673
1000169674
1000169675
1000169676
1000169677
1000169678
1000169679
1000169680
1000169681
1000169682
1000169683
1000169684
1000169685
1000169686
1000169687
1000169688
1000169689
1000169690
1000169691
1000169692
1000169693
1000169694
1000169695
1000169696
1000169697
1000169698
1000169699
1000169700
1000169701
1000169702
1000169703
1000169704
1000169705
1000169706
1000169707
1000169708
1000169709
1000169710
1000169711
1000169712
1000169713
1000169714
1000169715
1000169716
1000169717
1000169718
1000169719
1000169720
1000169721
1000169722
1000169723
1000169724
1000169725
1000169726
1000169727
1000169728
1000169729
1000169730
1000169731
1000169732
1000169733
1000169734
1000169735
1000169736
1000169737
1000169738
1000169739
1000169740
1000169741
1000169742
1000169743
1000169744
1000169745
1000169746
1000169747
1000169748
1000169749
1000169750
1000169751
1000169752
1000169753
1000169754
1000169755
1000169756
1000169757
1000169758
1000169759
1000169760
1000169761
1000169762
1000169763
1000169764
1000169765
1000169766
1000169767
1000169768
1000169769
1000169770
1000169771
1000169772
1000169773
1000169774
1000169775
1000169776
1000169777
1000169778
1000169779
1000169780
1000169781
1000169782
1000169783
1000169784
1000169785
1000169786
1000169787
1000169788
1000169789
1000169790
1000169791
1000169792
1000169793
1000169794
1000169795
1000169796
1000169797
1000169798
1000169799
1000169800
1000169801
1000169802
1000169803
1000169804
1000169805
1000169806
1000169807
1000169808
1000169809
1000169810
1000169811
1000169812
1000169813
1000169814
1000169815
1000169816
1000169817
1000169818
1000169819
1000169820
1000169821
1000169822
1000169823
1000169824
1000169825
1000169826
1000169827
1000169828
1000169829
1000169830
1000169831
1000169832
1000169833
1000169834
1000169835
1000169836
1000169837
1000169838
1000169839
1000169840
1000169841
1000169842
1000169843
1000169844
1000169845
1000169846
1000169847
1000169848
1000169849
1000169850
1000169851
1000169852
1000169853
1000169854
1000169855
1000169856
1000169857
1000169858
1000169859
1000169860
1000169861
1000169862
1000169863
1000169864
1000169865
1000169866
1000169867
1000169868
1000169869
1000169870
1000169871
1000169872
1000169873
1000169874
1000169875
1000169876
1000169877
1000169878
1000169879
1000169880
1000169881
1000169882
1000169883
1000169884
1000169885
1000169886
1000169887
1000169888
1000169889
1000169890
1000169891
1000169892
1000169893
1000169894
1000169895
1000169896
1000169897
1000169898
1000169899
1000169900
1000169901
1000169902
1000169903
1000169904
1000169905
1000169906
1000169907
1000169908
1000169909
1000169910
1000169911
1000169912
1000169913
1000169914
1000169915
1000169916
1000169917
1000169918
1000169919
1000169920
1000169921
1000169922
1000169923
1000169924
1000169925
1000169926
1000169927
1000169928
1000169929
1000169930
1000169931
1000169932
1000169933
1000169934
1000169935
1000169936
1000169937
1000169938
1000169939
1000169940
1000169941
1000169942
1000169943
1000169944
1000169945
1000169946
1000169947
1000169948
1000169949
1000169950
1000169951
1000169952
1000169953
1000169954
1000169955
1000169956
1000169957
1000169958
1000169959
1000169960
1000169961
1000169962
1000169963
1000169964
1000169965
1000169966
1000169967
1000169968
1000169969
1000169970
1000169971
1000169972
1000169973
1000169974
1000169975
1000169976
1000169977
1000169978
1000169979
1000169980
1000169981
1000169982
1000169983
1000169984
1000169985
1000169986
1000169987
1000169988
1000169989
1000169990
1000169991
1000169992
1000169993
1000169994
1000169995
1000169996
1000169997
1000169998
1000169999
1000170000
1000170001
1000170002
1000170003
1000170004
1000170005
1000170006
1000170007
1000170008
1000170009
1000170010
1000170011
1000170012
1000170013
1000170014
1000170015
1000170016
1000170017
1000170018
1000170019
1000170020
1000170021
1000170022
1000170023
1000170024
1000170025
1000170026
1000170027
1000170028
1000170029
1000170030
1000170031
1000170032
1000170033
1000170034
1000170035
1000170036
1000170037
1000170038
1000170039
1000170040
1000170041
1000170042
1000170043
1000170044
1000170045
1000170046
1000170047
1000170048
1000170049
1000170050
1000170051
1000170052
1000170053
1000170054
1000170055
1000170056
1000170057
1000170058
1000170059
1000170060
1000170061
1000170062
1000170063
1000170064
1000170065
1000170066
1000170067
1000170068
1000170069
1000170070
1000170071
1000170072
1000170073
1000170074
1000170075
1000170076
1000170077
1000170078
1000170079
1000170080
1000170081
1000170082
1000170083
1000170084
1000170085
1000170086
1000170087
1000170088
1000170089
1000170090
1000170091
1000170092
1000170093
1000170094
1000170095
1000170096
1000170097
1000170098
1000170099
1000170100
